1.000000000000000056e-01 nan 1.000000000000000056e-01 nan
1.799999999999999933e-01 nan 1.466666666666666674e-01 nan
2.600000000000000089e-01 nan 1.933333333333333570e-01 nan
3.399999999999999689e-01 nan 2.400000000000000189e-01 nan
4.200000000000000400e-01 nan 2.866666666666666807e-01 nan
5.000000000000000000e-01 nan 3.333333333333333703e-01 nan
5.799999999999999600e-01 nan 3.800000000000000044e-01 nan
6.600000000000000311e-01 nan 4.266666666666666385e-01 nan
7.399999999999999911e-01 nan 4.733333333333333837e-01 nan
8.199999999999999512e-01 nan 5.200000000000000178e-01 nan
9.000000000000000222e-01 nan 5.666666666666666519e-01 nan
9.799999999999999822e-01 nan 6.133333333333332860e-01 nan
1.060000000000000053e+00 nan 6.600000000000000311e-01 nan
1.140000000000000124e+00 nan 7.066666666666666652e-01 nan
1.220000000000000195e+00 nan 7.533333333333332993e-01 nan
1.300000000000000044e+00 nan 8.000000000000000444e-01 nan
