2.167167528077451152e+03 5.521191255378161031e+02 6.950674353255161577e+02
7.680432662262699523e+03 2.842968733258735938e+03 1.842718786056259432e+03
8.840281319132634962e+03 3.530037937741127280e+03 1.704492513645567897e+03
7.971650257559835154e+03 3.219013455578317462e+03 1.254544348654931355e+03
6.436536503210395495e+03 2.552611225363100857e+03 8.326365468212112546e+02
4.878241069100214190e+03 1.868418429370912463e+03 5.208150384027230757e+02
3.548362196837818374e+03 1.298350714684612740e+03 3.134744969576901212e+02
2.507643023547397206e+03 8.698936819307708674e+02 1.836504866908824170e+02
1.734695616206661953e+03 5.672871842312542867e+02 1.054612691164790732e+02
1.180398740644772033e+03 3.623213785467281127e+02 5.963448197944337892e+01
7.927803711919041234e+02 2.276142134956307927e+02 3.331060792699611284e+01
5.268110153631757839e+02 1.410778282985889689e+02 1.842213468101403251e+01
3.469945497249602795e+02 8.647066823218075626e+01 1.010432875886149517e+01
2.268603260824121719e+02 5.250385971892271897e+01 5.503626844261853002e+00
1.473781726837041788e+02 3.162432367882124851e+01 2.979923603750093797e+00
9.521848492382912355e+01 1.891615471795710235e+01 1.605191342366633078e+00
