4.000000000000000222e-01 2.544466560820040468e+05 8.975717764745185789e-01 5.000000000000000000e-01 0.000000000000000000e+00 2.927074129013338313e+07 9.355708191015750885e+09
5.000000000000000000e-01 3.347475173856815672e+05 9.422062127253505448e-01 5.000000000000000000e-01 0.000000000000000000e+00 5.651714677332795858e+08 1.302343533610228920e+10
5.999999999999999778e-01 4.120214168521566316e+05 9.890602295731290017e-01 5.000000000000000000e-01 0.000000000000000000e+00 1.685498657537534714e+09 1.668905528853102875e+10
6.999999999999999556e-01 4.843575174036238459e+05 1.038244202289508422e+00 5.000000000000000000e-01 0.000000000000000000e+00 3.284559364061930180e+09 2.021028058644041443e+10
8.000000000000000444e-01 5.505612616666628746e+05 1.089873994886048081e+00 5.000000000000000000e-01 0.000000000000000000e+00 5.161224984069250107e+09 2.349724923305739212e+10
9.000000000000000222e-01 6.099428756591685815e+05 1.144071233058188808e+00 5.000000000000000000e-01 0.000000000000000000e+00 7.158241929925323486e+09 2.649952267912846756e+10
1.000000000000000000e+00 6.621747188672384946e+05 1.200963590702186279e+00 5.000000000000000000e-01 0.000000000000000000e+00 9.160142765611066818e+09 2.919489617189184952e+10
1.100000000000000089e+00 7.071904673583193216e+05 1.260685090679952935e+00 5.000000000000000000e-01 0.000000000000000000e+00 1.108747460604888916e+10 3.158045661111332703e+10
1.199999999999999956e+00 7.451116445051002083e+05 1.323376420540329779e+00 5.000000000000000000e-01 0.000000000000000000e+00 1.288964758514608383e+10 3.366580460430284119e+10
1.300000000000000044e+00 7.761929908150787232e+05 1.389185263940541759e+00 5.000000000000000000e-01 0.000000000000000000e+00 1.453791068236755562e+10 3.546812395948915863e+10
1.399999999999999911e+00 8.007813171331514604e+05 1.458266648548572020e+00 5.000000000000000000e-01 0.000000000000000000e+00 1.601923968171210861e+10 3.700871855868770599e+10
1.500000000000000000e+00 8.192842842287305975e+05 1.530783311246024292e+00 5.000000000000000000e-01 0.000000000000000000e+00 1.733141341371623611e+10 3.831065953513930511e+10
1.600000000000000089e+00 8.321466447482198710e+05 1.606906081491784155e+00 5.000000000000000000e-01 0.000000000000000000e+00 1.847925857288282776e+10 3.939724323588925171e+10
1.699999999999999956e+00 8.398321827580062672e+05 1.686814283749584753e+00 5.000000000000000000e-01 0.000000000000000000e+00 1.947190447946868896e+10 4.029102479597384644e+10
1.800000000000000044e+00 8.428100529437991790e+05 1.770696159927485303e+00 5.000000000000000000e-01 0.000000000000000000e+00 2.032084668116269302e+10 4.101325049114933777e+10
