4.000000000000000222e-01 1.605355157711521606e+05 3.945858012619173349e-01 5.000000000000000000e-01 0.000000000000000000e+00 2.927074129013338313e+07 9.355708191015750885e+09
5.000000000000000000e-01 1.846702812193959544e+05 4.624603657017475888e-01 5.000000000000000000e-01 0.000000000000000000e+00 5.651714677332795858e+08 1.302343533610228920e+10
5.999999999999999778e-01 1.877939312985572033e+05 5.420103540497955841e-01 5.000000000000000000e-01 0.000000000000000000e+00 1.685498657537534714e+09 1.668905528853102875e+10
6.999999999999999556e-01 1.753952058285210805e+05 6.352441110307990302e-01 5.000000000000000000e-01 0.000000000000000000e+00 3.284559364061930180e+09 2.021028058644041443e+10
8.000000000000000444e-01 1.539253054956773412e+05 7.445154462164323972e-01 5.000000000000000000e-01 0.000000000000000000e+00 5.161224984069250107e+09 2.349724923305739212e+10
9.000000000000000222e-01 1.288092611467473616e+05 8.725830590627523531e-01 5.000000000000000000e-01 0.000000000000000000e+00 7.158241929925323486e+09 2.649952267912846756e+10
1.000000000000000000e+00 1.038223886849904957e+05 1.022680185928566798e+00 5.000000000000000000e-01 0.000000000000000000e+00 9.160142765611066818e+09 2.919489617189184952e+10
1.100000000000000089e+00 8.118076092652622901e+04 1.198596227405869241e+00 5.000000000000000000e-01 0.000000000000000000e+00 1.108747460604888916e+10 3.158045661111332703e+10
1.199999999999999956e+00 6.190570435507577349e+04 1.404772416752317454e+00 5.000000000000000000e-01 0.000000000000000000e+00 1.288964758514608383e+10 3.366580460430284119e+10
1.300000000000000044e+00 4.622407708552487748e+04 1.646413944701928811e+00 5.000000000000000000e-01 0.000000000000000000e+00 1.453791068236755562e+10 3.546812395948915863e+10
1.399999999999999911e+00 3.390173647380636976e+04 1.929621371393212659e+00 5.000000000000000000e-01 0.000000000000000000e+00 1.601923968171210861e+10 3.700871855868770599e+10
1.500000000000000000e+00 2.448312057148499662e+04 2.261544643082773476e+00 5.000000000000000000e-01 0.000000000000000000e+00 1.733141341371623611e+10 3.831065953513930511e+10
1.600000000000000089e+00 1.744493514022092131e+04 2.650563602000111985e+00 5.000000000000000000e-01 0.000000000000000000e+00 1.847925857288282776e+10 3.939724323588925171e+10
1.699999999999999956e+00 1.228396448251284892e+04 3.106499546553797231e+00 5.000000000000000000e-01 0.000000000000000000e+00 1.947190447946868896e+10 4.029102479597384644e+10
1.800000000000000044e+00 8.559758927049324484e+03 3.640863183006367354e+00 5.000000000000000000e-01 0.000000000000000000e+00 2.032084668116269302e+10 4.101325049114933777e+10
