3.000000000000000000e+04 1.000000000000000056e-01 3.470648119298151016e+09 8.901164063197728460e-01 5.000000000000000000e-01 0.000000000000000000e+00 6.247861770039073944e+09
3.000000000000000000e+04 2.000000000000000111e-01 9.828347460726020813e+09 9.111767507994663617e-01 5.000000000000000000e-01 0.000000000000000000e+00 1.863286317003304672e+10
3.000000000000000000e+04 2.999999999999999889e-01 1.740833424989213181e+10 9.327353875322339505e-01 5.000000000000000000e-01 0.000000000000000000e+00 3.631017143248825836e+10
3.000000000000000000e+04 4.000000000000000222e-01 2.544466560820040512e+10 9.548041062193179940e-01 5.000000000000000000e-01 0.000000000000000000e+00 5.705634856951924133e+10
3.000000000000000000e+04 5.000000000000000000e-01 3.347475173856815720e+10 9.773949755088128244e-01 5.000000000000000000e-01 0.000000000000000000e+00 7.913298644399638367e+10
3.000000000000000000e+04 5.999999999999999778e-01 4.120214168521566010e+10 1.000520349595606540e+00 5.000000000000000000e-01 0.000000000000000000e+00 1.012636147803031921e+11
3.000000000000000000e+04 6.999999999999999556e-01 4.843575174036238098e+10 1.024192874977480017e+00 5.000000000000000000e-01 0.000000000000000000e+00 1.225698972300275421e+11
3.000000000000000000e+04 8.000000000000000444e-01 5.505612616666629028e+10 1.048425497371055393e+00 5.000000000000000000e-01 0.000000000000000000e+00 1.424925725629807739e+11
3.000000000000000000e+04 9.000000000000000222e-01 6.099428756591685486e+10 1.073231468791377985e+00 5.000000000000000000e-01 0.000000000000000000e+00 1.607138037822400818e+11
3.000000000000000000e+04 1.000000000000000000e+00 6.621747188672384644e+10 1.098624354799002001e+00 5.000000000000000000e-01 0.000000000000000000e+00 1.770896106873098755e+11
3.000000000000000000e+04 1.100000000000000089e+00 7.071904673583193970e+10 1.124618041918544753e+00 5.000000000000000000e-01 0.000000000000000000e+00 1.915954386773864746e+11
3.000000000000000000e+04 1.199999999999999956e+00 7.451116445051002502e+10 1.151226745232765136e+00 5.000000000000000000e-01 0.000000000000000000e+00 2.042846459309731750e+11
3.000000000000000000e+04 1.300000000000000044e+00 7.761929908150787354e+10 1.178465016156319489e+00 5.000000000000000000e-01 0.000000000000000000e+00 2.152581553259492798e+11
3.000000000000000000e+04 1.399999999999999911e+00 8.007813171331513977e+10 1.206347750393444995e+00 5.000000000000000000e-01 0.000000000000000000e+00 2.246430479289139709e+11
3.000000000000000000e+04 1.500000000000000000e+00 8.192842842287306213e+10 1.234890196083927361e+00 5.000000000000000000e-01 0.000000000000000000e+00 2.325779624773266907e+11
3.000000000000000000e+04 1.600000000000000089e+00 8.321466447482199097e+10 1.264107962141798325e+00 5.000000000000000000e-01 0.000000000000000000e+00 2.392034871971589661e+11
3.000000000000000000e+04 1.699999999999999956e+00 8.398321827580062866e+10 1.294017026791332903e+00 5.000000000000000000e-01 0.000000000000000000e+00 2.446561085629525757e+11
3.000000000000000000e+04 1.800000000000000044e+00 8.428100529437991333e+10 1.324633746305009518e+00 5.000000000000000000e-01 0.000000000000000000e+00 2.490646317451634216e+11
3.000000000000000000e+04 1.899999999999999911e+00 8.415445444824911499e+10 1.355974863948209652e+00 5.000000000000000000e-01 0.000000000000000000e+00 2.525482781809970398e+11
3.000000000000000000e+04 2.000000000000000000e+00 8.364875247488131714e+10 1.388057519135553530e+00 5.000000000000000000e-01 0.000000000000000000e+00 2.552158924652169800e+11
