           0.70000           0.39981           0.57084           0.25235           0.64225
           0.80000           0.33621           0.49570           0.21508           0.63965
           0.90000           0.32304           0.47331           0.20613           0.63543
           1.00000           0.31739           0.46068           0.20174           0.63002
           1.10000           0.31735           0.45533           0.20075           0.62375
           1.20000           0.32126           0.45525           0.20217           0.61688
           1.30000           0.32906           0.46007           0.20591           0.60960
           1.40000           0.34834           0.47727           0.21610           0.60207
           1.50000           0.38013           0.50783           0.23324           0.59440
           1.60000           0.44266           0.57005           0.26721           0.58670
           1.70000           0.56272           0.69079           0.33232           0.57901
           1.80000           0.59873           0.72780           0.35201           0.57140
           1.90000           0.85572           0.98737           0.49076           0.56389
           2.00000           1.43680           1.57065           0.80236           0.55652
