           0.10000           0.95059           1.54489           0.63215           1.39261
           0.20000           0.51450           0.83596           0.34212           1.31354
           0.30000           0.36465           0.59193           0.24239           1.22044
           0.40000           0.29065           0.47115           0.19310           1.12029
           0.50000           0.24745           0.40041           0.16428           1.01840
           0.60000           0.21978           0.35487           0.14579           0.91857
           0.70000           0.20109           0.32386           0.13327           0.82333
           0.80000           0.18814           0.30209           0.12455           0.73424
           0.90000           0.17916           0.28668           0.11845           0.65211
           1.00000           0.17313           0.27597           0.11431           0.57724
           1.10000           0.16948           0.26902           0.11173           0.50959
           1.20000           0.16789           0.26529           0.11051           0.44888
           1.30000           0.16824           0.26458           0.11056           0.39467
           1.40000           0.17053           0.26690           0.11188           0.34649
           1.50000           0.17491           0.27247           0.11457           0.30382
           1.60000           0.18164           0.28171           0.11880           0.26612
           1.70000           0.19112           0.29525           0.12484           0.23289
           1.80000           0.20392           0.31400           0.13305           0.20367
